%YAML:1.0
M1: !!opencv-matrix
   rows: 3
   cols: 3
   dt: d
   data: [ 574.0527954101562, 0.0, 319.5, 0.0, 574.0527954101562, 239.5, 0.0, 0.0, 1.0 ]
D1: !!opencv-matrix
   rows: 5
   cols: 1
   dt: d
   data: [0.0, 0.0, 0.0, 0.0, 0.0 ]
