%YAML:1.0
M1: !!opencv-matrix
   rows: 3
   cols: 3
   dt: d
   data: [ 2.8594398016454187e+02, 0., 1.5917346828438352e+02, 0.,
       2.8594394682861275e+02, 1.2452613421924048e+02, 0., 0., 1. ]
D1: !!opencv-matrix
   rows: 8
   cols: 1
   dt: d
   data: [ 1.3942516253495726e-01, -1.6823728258854848e-01, 0., 0., 0.,
       0., 0., 3.2595829180870619e+00 ]
M2: !!opencv-matrix
   rows: 3
   cols: 3
   dt: d
   data: [ 2.8594398016454187e+02, 0., 1.6140755476312771e+02, 0.,
       2.8594394682861275e+02, 1.2503204475033215e+02, 0., 0., 1. ]
D2: !!opencv-matrix
   rows: 8
   cols: 1
   dt: d
   data: [ -6.9202577914553095e-04, -8.8913245832749310e-01, 0., 0., 0.,
       0., 0., -4.8218552593989203e+00 ]
R: !!opencv-matrix
   rows: 3
   cols: 3
   dt: d
   data: [ 9.9983850534362018e-01, 9.0839494007595757e-03,
       1.5506292126750844e-02, -9.2111044310036021e-03,
       9.9992437513668153e-01, 8.1485926808317708e-03,
       -1.5431098061928102e-02, -8.2901068027739586e-03,
       9.9984656589988929e-01 ]
T: !!opencv-matrix
   rows: 3
   cols: 1
   dt: d
   data: [ 4.9947375752076518e+01, -5.1552150777645043e+00,
       5.7140555038111316e+01 ]
